1.1407,2.1417,0.79498,2.3976,2.3455,0.70245
2.7259,1.2406,2.4345,1.3408,1.2214,2.4317
0.73,1.2257,0.98656,0.67098,0.78145,1.6122
3.5775,-2.0321,3.4651,-2.0582,-1.899,3.6811
2.3182,0.4002,2.0412,0.65838,0.64352,2.4636
2.2872,0.70011,2.5214,0.11762,0.23221,2.2946
2.7368,0.091293,2.7497,0.33781,0.50354,2.387
1.9479,0.75676,1.7471,0.9379,0.69939,1.9477
-0.014446,1.2664,-0.13475,1.3263,0.90157,0.076616
3.9706,-1.119,3.3687,-1.5735,-1.4457,3.7632
2.311,0.039146,2.469,-0.037816,0.043392,2.0702
0.68398,0.35463,0.74951,0.3319,-0.032661,0.043941
1.3319,0.13933,1.1809,-0.083787,0.047619,1.0464
3.5217,-0.42637,3.824,-0.34972,-0.8788,3.6617
1.8214,-0.50227,1.8221,-0.19943,-0.30247,1.8665
2.2969,0.21483,2.3571,0.16783,0.20144,2.6342
1.4734,-0.29876,1.2252,-0.21266,-0.079756,1.1852
0.75248,1.4714,1.0604,1.9556,1.8657,1.0659
1.8417,1.5296,1.8631,1.4138,1.4606,1.7853
1.5075,1.7908,1.6478,1.6361,1.7913,1.6576
2.2473,0.14478,2.2196,-0.12428,0.37389,1.5318
1.9002,-0.31706,1.5631,0.1199,-0.2061,1.8437
2.4961,1.0861,2.1914,0.85095,1.1841,1.9484
2.5692,0.15802,2.5472,-0.1237,-0.18824,2.0928
1.871,0.85619,1.979,0.984,0.51784,2.0215
2.9946,0.55411,2.97,0.48577,0.52994,2.7183
2.0197,1.7725,2.3359,1.948,1.6711,2.1589
0.99557,0.99386,1.1623,0.58735,0.59592,0.65186
1.3206,0.46063,1.3172,0.063596,0.70736,1.5589
2.6904,-0.024985,2.8212,0.027731,-0.28283,2.7746
2.4499,0.32738,2.4755,0.53907,0.72626,2.9215
2.6922,1.0204,2.706,0.79936,0.61043,2.9647
1.3778,1.1623,1.7296,1.0188,1.5056,1.5507
1.3623,0.65252,1.2417,0.86558,0.86423,1.2455
2.9662,0.11475,2.6702,0.19204,0.16084,2.6942
2.7667,0.45329,2.4809,0.37889,0.4417,2.8596
1.0862,1.3575,0.69914,1.252,1.5455,0.81364
0.88409,1.8204,0.87887,1.9503,1.5634,1.3261
3.0056,-0.41439,2.9263,0.20554,-0.61808,2.8945
2.7922,0.96722,2.8026,1.3416,1.2029,2.7417
2.0473,0.29517,1.611,0.34304,0.29642,1.5902
3.0528,0.59234,2.557,0.56916,0.51208,2.7058
2.2813,1.4139,2.2267,0.67663,1.1329,2.6595
1.6344,-0.058479,2.1185,0.038715,0.076553,2.2021
2.5388,0.46354,2.8735,0.51536,0.51435,2.6861
1.2863,1.9062,0.80341,2.3259,2.1537,1.3225
2.7202,1.2393,2.7913,0.93753,1.3564,2.7745
1.4403,0.088948,1.3898,-0.016734,-0.16069,1.2083
1.9025,-0.10748,1.8546,-0.18931,-0.22233,1.8563
2.2312,0.29901,2.4121,0.23591,0.21193,2.2006
0.15288,0.092198,-0.21857,0.31614,0.48379,-0.012557
1.6773,-0.35093,1.2493,-0.46742,-0.54094,1.5662
0.58821,0.60635,0.40955,0.48694,0.62516,0.52359
2.0737,0.62129,1.5727,0.8994,0.85539,1.9073
2.104,-0.019047,1.7068,-0.020823,-0.13759,1.9329
4.0108,1.0932,3.7775,0.96013,1.3663,3.8405
2.7488,0.3668,2.3941,0.50293,0.15274,2.8151
2.3957,0.79436,2.413,0.51198,0.06386,2.2168
0.85403,1.4374,0.82066,1.5671,1.4467,0.7826
1.9748,0.43764,1.9397,0.43955,0.014223,2.1863
3.1275,-0.18479,3.7696,-0.3336,0.14496,3.3604
0.90664,2.753,0.75964,2.6915,2.719,1.074
3.0683,0.3383,2.8349,0.72681,0.68184,2.963
1.0065,2.6823,0.73427,2.9293,2.8972,0.63292
2.3417,1.2009,2.3605,1.0562,1.0915,2.1485
2.4598,0.0012322,2.1658,0.069055,-0.28889,2.3023
0.60252,1.4253,0.61268,1.6392,1.6588,0.77581
2.0839,-0.66133,2.0656,-0.27619,-0.35055,2.3798
1.915,0.11631,2.0761,0.18845,-0.052633,1.8467
3.0519,-0.3852,2.9182,-0.36713,-0.36975,2.9661
2.1775,-0.80659,2.29,-0.62179,-0.45497,1.9727
1.586,0.64996,1.6445,0.89716,0.6692,1.4117
2.3314,0.043062,1.9027,-0.38104,0.13266,1.9376
1.9651,0.30243,1.7724,0.56728,0.64902,2.1066
0.42855,2.0815,0.22125,1.987,1.7508,0.5065
2.1328,-0.09741,2.2528,0.14913,0.47469,2.3842
1.6243,-0.79803,2.1559,-0.67644,-0.42926,2.2786
2.0635,-0.4067,1.7902,-0.052874,-0.23407,2.1368
1.5488,-0.049663,1.5688,-0.27338,-0.23938,1.7012
1.4272,0.2512,1.7516,0.68868,0.68258,2.1845
0.41137,3.1536,0.2646,2.6543,2.4874,0.1882
2.4811,-1.6788,2.6579,-1.6304,-1.5462,2.6625
0.90442,0.53976,1.0028,0.42998,0.64516,0.77314
1.2114,0.90243,1.4481,0.77264,0.55029,0.95348
2.9749,-0.15844,2.5254,-0.21126,0.0052051,2.9473
1.6118,1.1461,1.8878,0.90149,0.49294,1.3674
1.5645,1.8409,1.5628,1.6434,1.6523,1.5403
1.9256,-0.5801,1.8888,-0.65556,-0.4642,1.9107
1.3453,0.34665,1.4733,0.53807,0.22414,1.5316
0.48206,0.43188,0.79078,0.79402,0.85826,0.89312
3.4822,-1.0535,3.8034,-1.4461,-0.83716,3.6624
1.4193,0.33041,1.6609,0.22758,0.19263,1.8524
2.04,0.9518,2.0823,1.575,1.3687,1.6374
0.8649,0.6135,0.13666,1.0342,0.58723,-0.11343
1.6569,0.73721,1.5022,1.1042,0.84474,2.0674
2.2522,-1.9891,2.3477,-1.8911,-1.5474,2.5223
1.9723,-0.63003,1.9662,-0.20783,-0.48162,2.2192
0.97501,1.2754,0.94776,1.2492,1.1093,0.91507
2.0165,0.77356,1.9629,0.87707,1.1332,2.0545
2.949,-0.1355,2.5794,-0.095873,-0.50481,2.7045
2.6268,-1.0935,2.414,-1.4952,-1.2942,2.5576
1.8669,0.84117,2.1055,0.75243,0.88482,1.9785
2.0051,1.2664,1.7217,1.3144,1.6277,1.5937
2.1426,-0.14355,1.7918,-0.62881,0.10865,2.2782
1.335,1.9789,1.4785,1.499,1.2445,1.9293
2.4838,-0.17918,2.5247,-0.85011,-0.44684,2.424
0.82703,0.97001,0.85183,0.7373,0.84084,0.81882
1.5978,0.83651,1.7499,0.49934,0.99977,1.7497
0.55572,2.4392,0.50184,2.3719,2.1572,0.84413
1.3097,1.4879,1.5433,1.5685,1.0498,1.1367
2.4097,0.42425,2.6737,0.020912,0.1259,2.2174
3.2005,-0.33931,3.5949,-0.35262,-0.25408,3.0324
2.8195,-0.66755,2.715,-0.72595,-0.61204,2.9125
0.93439,2.0246,1.1047,1.9103,2.123,1.2618
1.9751,0.8337,1.8081,1.1136,1.1098,1.9289
1.4401,-0.10277,1.491,-0.26671,-0.44386,1.5188
1.6621,0.17364,1.4585,0.06926,0.18078,1.6446
2.881,0.88274,2.2589,0.39617,0.71738,2.5142
2.1618,0.26264,1.8566,0.1345,-0.051698,2.2964
0.81369,0.62705,0.99778,0.64038,0.87399,1.4047
1.6082,0.76528,1.8408,0.52024,0.67467,1.8521
1.9832,1.5267,1.8685,1.4237,1.2773,2.0305
1.1562,0.52255,1.1667,0.601,0.47297,0.7563
2.8362,-0.21656,3.1829,0.17116,0.08973,3.29
1.7343,1.9881,1.5111,1.6038,1.5907,1.2298
1.9469,0.88573,1.7574,0.92856,0.53379,2.1511
0.5095,1.0375,0.9835,1.1992,1.1937,0.9886
2.0217,-0.57301,2.1011,-0.56841,-0.56492,2.3762
1.3941,1.8826,1.3923,1.7376,1.4269,1.6116
1.136,1.9862,1.0495,1.758,2.2354,0.97545
0.59933,1.2844,1.1867,1.6365,1.6165,0.95086
2.3992,-0.019567,2.5231,-0.060228,0.026436,2.2654
4.0286,-1.33,4.0066,-1.2046,-1.0548,3.8493
1.8682,0.97423,1.6444,1.4182,1.0484,1.8575
2.8788,-0.027069,3.0343,0.20674,0.10111,3.1122
3.9025,-0.56715,3.6708,-0.5774,-0.98101,3.6535
2.788,-0.6178,3.0155,-1.0435,-0.63456,3.2845
3.5823,-0.68655,3.6807,-0.33225,-0.44033,4.0733
2.2564,1.5562,2.3981,1.9932,1.4754,2.3103
3.162,-0.083933,2.898,-0.56918,-0.54153,2.827
2.3554,0.77239,2.1799,0.9667,1.282,2.1035
0.38427,1.2726,0.71659,1.027,1.3117,0.76005
2.395,1.202,1.7652,0.76693,1.3126,1.8499
1.9903,-0.35165,1.9458,-0.3846,-0.54264,2.1406
3.7163,-1.2195,3.1479,-1.2363,-1.3377,3.3372
3.0719,-0.23049,3.4609,-0.041213,0.19724,3.0356
1.7127,0.20319,2.0297,0.17423,0.10385,1.7255
1.7741,-1.1748,2.2824,-1.3535,-1.6939,1.6616
0.61352,-0.0054753,0.84635,-0.048695,0.19545,1.1274
0.17964,0.71506,0.41795,1.2238,0.93077,0.054655
1.8352,1.0885,1.4675,1.0465,1.4029,2.0062
0.6284,1.0732,0.6553,1.0112,0.82353,0.80734
2.7077,-0.46043,2.6935,-0.42838,-0.34835,2.6591
1.4674,0.32895,1.367,0.19145,-0.0056834,1.4181
1.6816,2.2984,2.2499,2.1399,2.2353,1.6517
1.795,0.38978,1.5447,0.48242,0.079549,1.9136
0.88098,0.39281,1.2998,0.63313,0.87543,0.95343
2.2597,0.62321,1.9751,1.0152,0.29303,1.9666
2.2605,-1.3258,2.4943,-1.3548,-1.3327,2.7546
3.0989,-1.235,2.839,-0.87219,-1.0216,3.114
1.3742,1.0551,1.3246,1.2805,1.0689,1.4679
2.5468,1.8616,2.453,1.709,1.7393,2.8488
2.1634,0.50901,2.2395,-0.23065,0.1035,2.2741
2.4307,0.47819,2.5673,0.65873,0.36102,2.0671
1.985,1.4974,1.7789,1.0357,1.1824,1.9051
3.5195,0.11191,3.057,0.017535,0.27677,2.9311
0.78811,1.4902,0.66728,1.3825,1.2549,0.78243
4.1072,-1.4141,4.2703,-1.8678,-1.6679,4.1498
0.81271,-0.089985,0.78041,0.3124,-0.28033,0.98885
2.4605,0.31353,2.4678,0.33619,0.59384,2.4481
1.1063,0.62618,1.0511,0.66245,0.66598,1.3999
0.92074,1.4126,1.3991,1.1476,1.2593,1.0201
3.0023,-0.94775,2.9811,-0.32911,-0.14552,3.048
1.2904,-0.13923,1.9119,0.024918,0.07695,1.6277
2.5541,1.0182,2.4272,0.68666,0.6039,2.7835
2.0281,0.22552,1.8522,0.30791,0.020738,1.9427
2.5151,-0.37469,2.3862,-0.43137,-0.28475,2.4994
4.0166,-0.63064,3.2547,-0.95375,-0.34237,3.5004
3.2068,0.63995,3.1678,0.51693,0.54475,3.0535
2.7473,-0.26973,2.5503,-0.23508,-0.13292,2.3118
2.4275,-0.95089,2.4008,-1.156,-1.0344,2.676
2.8046,-0.27636,3.4354,-0.010272,0.18451,3.3879
0.99317,1.0658,0.85314,1.2625,0.98132,0.87596
1.1063,-0.18367,0.84804,-0.17464,-0.51225,0.83125
0.39767,1.5815,0.23492,1.1075,1.1809,0.41126
3.2764,0.4158,2.8573,0.49766,0.42254,3.0395
4.3479,-0.1952,4.2249,-0.18553,-0.51982,4.4033
3.6439,-0.60272,3.6925,-0.8296,-0.89918,3.5167
3.023,-0.44737,3.2322,-0.40328,-0.29465,2.5051
0.49099,0.50963,0.70052,0.018774,0.25321,0.37057
0.5827,0.28647,0.55849,0.037635,0.21698,0.61663
2.4841,0.53287,2.5629,0.56497,0.7423,2.5473
1.9655,0.31429,1.7231,0.052201,0.5142,1.7865
2.6612,-0.7515,2.2903,-0.71474,-0.52973,2.3996
3.0991,-1.1117,3.0989,-0.98086,-0.9093,2.8046
1.2646,0.32761,2.0419,0.28314,0.52038,2.0093
1.9909,0.23018,1.9871,0.22788,0.27466,1.9961
1.8755,-0.94137,2.6859,-0.76348,-0.95733,2.2953
2.2063,0.4071,2.3868,-0.24442,-0.3617,2.6097
0.61376,1.8345,0.72943,2.0388,1.9573,0.35592
1.7244,1.6021,1.6478,1.3483,1.0066,1.8976
1.2105,0.91497,1.4873,0.76307,0.6667,0.79021
1.5828,2.4096,1.5178,2.2657,2.4014,1.7268
1.9652,0.41982,1.7624,0.51947,0.75539,1.422
2.3911,0.50022,2.4886,1.1446,0.83272,2.324
3.1689,-0.9468,2.9066,-1.1963,-1.1347,2.7299
3.2997,0.28515,3.1293,0.68638,0.37595,3.3604
2.6132,-0.32934,2.7519,-0.51676,-0.76344,2.6615
1.5675,1.1171,1.6613,1.5393,1.411,1.7158
2.3985,-0.024902,2.0499,0.041204,-0.019603,2.504
3.6794,-0.61484,3.9374,-0.41691,-0.38625,3.5603
2.0546,1.3974,1.9355,0.82627,1.3849,2.1276
2.5244,-0.49292,2.69,-0.048449,0.0006438,2.3724
2.84,-0.61225,2.6723,-0.69292,-0.69292,2.8646
1.0549,1.0192,0.94329,1.2154,1.082,1.2168
2.1933,-0.11385,2.1131,-0.1348,-0.16239,2.4574
1.3083,1.2564,1.1216,0.98478,1.0632,1.2128
1.1417,0.16316,0.65122,0.012135,0.20717,1.1169
1.7507,1.1851,1.4509,0.54675,1.1134,1.269
1.8855,1.2,1.9164,1.262,1.0514,1.717
1.6688,0.24371,1.3963,-0.056824,0.041501,1.561
1.2526,0.77748,1.128,0.83733,1.1987,1.1401
1.0788,0.92297,1.452,0.52373,0.56239,1.4639
2.4109,-0.10047,2.5649,0.13118,0.12396,2.082
3.1547,-1.3047,3.0802,-1.2748,-1.8578,2.8894
0.045604,1.069,-0.056954,0.72447,1.6515,0.02194
2.4045,1.3438,2.3594,1.5357,1.0271,2.1398
1.8094,0.11679,1.6944,-0.24907,-0.23902,2.2102
2.6054,0.1121,2.5828,-0.054834,0.16635,2.5693
2.3863,-0.94842,2.517,-1.0026,-0.78683,2.1294
3.0226,1.2986,3.0501,1.2287,0.89604,2.9154
0.75945,2.1763,1.1081,1.7637,2.0324,0.27504
3.2582,0.52908,3.0235,-0.21855,-0.066634,2.8174
3.0463,-0.2848,3.2309,0.27906,-0.015791,3.1519
1.7816,0.83968,1.6111,0.78595,0.87451,1.2433
2.1175,0.8589,1.723,0.9942,0.73427,2.2113
1.2801,0.64463,1.3178,0.84689,0.26614,1.0485
1.9755,0.48268,1.8393,0.68076,0.65378,1.9423
1.809,1.17,1.4427,1.5405,1.3301,1.4821
2.7795,-0.53907,2.6721,-0.49459,-0.64919,2.7587
0.67301,1.3782,0.77826,0.87882,1.1184,0.90076
1.5447,0.78051,2.1751,0.50431,0.79863,1.8911
3.3029,-0.4368,3.3259,-0.61854,-0.21796,3.6747
1.7369,-0.57145,1.8154,-0.40285,-0.25661,1.8685
1.5633,0.39129,1.172,-0.022407,0.32327,1.2808
1.1574,0.46538,1.5741,0.90208,0.5887,1.6232
2.2308,-0.063918,2.4788,0.018186,0.12367,2.5811
3.086,0.20282,2.8279,0.060185,-0.22692,3.24
3.1084,0.45434,2.5762,0.3823,0.23336,2.7394
2.9806,-1.5105,3.0062,-1.1075,-1.468,2.8766
0.13458,0.52765,0.63926,0.3227,0.36888,0.21492
1.1441,-0.21859,0.77007,-0.36382,-0.16836,1.0649
-0.30819,1.4169,0.051527,1.3504,1.4625,0.040652
1.9863,-0.49166,2.0989,-0.34224,-0.34423,1.7549
2.5264,-0.48445,2.6399,-0.19247,0.064255,2.9251
2.0349,0.55055,1.5478,0.22881,0.39469,2.0449
1.3068,2.5413,1.3235,2.4852,2.1779,1.3837
0.54738,2.2405,0.77205,2.3334,2.4193,1.0782
3.3703,-1.0906,3.6838,-1.4333,-1.0103,3.4394
0.23829,1.1145,0.65741,0.96219,0.75031,0.58937
2.71,-0.32691,3.0165,0.028706,-0.32397,2.9923
1.9203,0.64374,2.2676,0.4528,0.82513,1.9139
2.1367,0.8093,1.9191,0.85588,0.46011,2.1961
1.4756,1.0518,1.5997,1.032,0.75022,1.1092
2.1428,-0.29141,1.7454,-0.63333,-0.28158,2.3035
2.7244,1.2039,2.5637,1.1714,1.157,2.9327
0.95409,1.1624,1.0098,1.1088,1.2683,1.006
2.0085,0.6858,2.0229,0.90105,0.77401,1.3661
2.274,0.6157,2.1147,0.92443,0.57071,2.6867
1.8859,0.39537,1.9803,0.55277,0.82229,1.6879
2.254,-0.42522,2.358,-0.24097,-0.23024,1.8371
3.1015,0.57857,3.1158,0.63939,0.4713,2.8647
-1.1215,1.3256,-0.99808,1.3614,1.1665,-1.203
1.4993,0.92641,1.5831,0.89046,1.0408,1.3118
2.5323,1.0905,2.4438,1.2213,0.65275,3.1727
2.1979,-0.33619,2.5751,0.42724,-0.055825,2.1873
2.5158,-0.25084,2.6754,0.028031,-0.15237,2.7312
2.2688,-0.46862,2.4476,-0.58278,-0.18587,2.3668
3.0424,1.7409,2.6327,1.9716,1.8053,2.5541
3.7934,0.086917,3.8927,-0.44054,-0.01745,3.6978
1.2824,0.71942,1.576,1.309,0.90177,1.7032
0.78138,1.356,0.52323,1.5169,1.2845,0.88122
2.0837,-0.42311,2.1676,-0.57164,-0.20759,1.8342
3.4581,0.15652,3.5509,0.028922,0.11787,3.4002
2.1993,-1.0787,2.4883,-0.99993,-1.0151,2.1552
1.7042,-0.55766,2.5077,-0.17963,-0.48769,2.2416
2.8393,-0.53622,2.8384,-0.63952,-0.53249,2.7719
1.8491,0.033018,1.5004,-0.39091,0.047387,1.9261
2.7374,-1.3397,2.4939,-1.5018,-1.4906,3.0163
3.3036,-0.50728,3.1662,-0.25978,-0.91462,3.4941
1.9502,0.36526,2.2332,0.48305,0.22663,2.4248
2.1458,-0.32044,2.3757,-0.41357,-0.39331,2.3134
2.7932,-0.95817,2.6284,-0.31268,-0.3796,3.2592
3.4609,-0.8951,3.1846,-0.88406,-0.92491,3.3581
1.2331,0.5263,1.5249,0.25414,0.12629,1.8375
2.6329,-0.69353,2.7096,-0.89427,-0.60026,2.9377
2.5779,-0.80069,2.5877,-0.7794,-0.7123,2.4279
2.898,0.25741,2.9497,-0.010985,0.16107,3.2754
3.1636,-0.61303,3.0539,-0.46341,-0.54898,3.3163
1.6617,0.52472,1.9925,0.28219,0.4639,1.9099
2.7686,-0.023838,2.5752,0.16989,-0.078446,2.7234
2.4981,-0.78063,2.4446,-0.64912,-0.80928,2.7203
1.4554,0.6404,1.731,0.28578,0.78062,1.531
0.826,1.1589,0.94742,1.0926,1.0993,0.58796
2.7446,-0.17232,2.7506,0.23017,0.26154,2.3903
2.3239,0.39433,2.2896,0.38707,0.25759,2.3189
1.5221,-0.81172,1.3992,-0.38144,-0.90259,1.6152
1.1365,0.040457,1.4941,-0.051727,0.15572,1.7295
1.2013,1.0195,1.3079,0.86486,0.69971,0.8541
2.1617,0.10649,2.3595,-0.11461,-0.16464,2.2182
2.6999,-0.6129,2.4853,-0.59506,-0.63247,2.6335
2.2813,0.24258,2.9607,0.66773,0.26268,2.8155
2.6008,1.1967,2.2781,1.3187,1.2378,2.1565
2.2389,1.1148,2.2855,1.6707,1.0479,2.4454
1.8819,0.6284,1.9141,1.0216,0.62072,2.0569
1.4352,2.0777,0.87831,1.5541,2.1345,1.4126
3.2095,0.95749,2.8451,0.5418,0.46943,2.5783
2.9459,-0.24699,3.3464,-0.17834,-0.12124,2.9716
3.2616,1.2412,3.0111,1.0335,1.0037,2.794
1.5751,0.74395,1.2367,0.70055,0.59355,1.4908
2.5458,-0.17568,2.4755,-0.0088158,0.21764,2.8217
2.9955,-0.92493,3.017,-0.85385,-0.84637,3.2563
2.1974,-0.46879,2.0254,-0.58496,-0.45712,1.8334
1.9502,-0.4284,2.2751,-0.39,-0.38527,2.2425
1.8239,0.27699,1.6845,-0.28027,-0.28294,2.12
0.63776,0.40018,1.1554,0.41359,-0.015325,1.0279
1.9941,0.50288,1.8336,-0.32476,0.1126,1.8367
2.7802,-0.98161,2.5672,-0.77326,-1.1501,2.6047
2.6841,0.98973,2.4957,1.0548,1.0579,2.5639
2.767,0.39397,3.0839,0.11991,-0.43193,2.9491
1.4152,-0.60376,1.3623,-0.43856,-0.48571,1.251
2.921,0.14267,3.0391,0.18493,0.33288,3.1436
1.4404,1.0954,1.5748,0.66339,0.6283,1.3013
0.19364,0.93283,0.23361,0.78136,0.75231,0.54235
0.23102,2.6606,-0.073452,2.4349,2.3724,0.25012
3.1963,0.32345,3.2263,0.091725,0.33889,3.4976
2.5877,0.46727,2.4556,0.15582,0.27887,2.3025
2.8084,0.10868,2.8142,-0.362,-0.16317,2.9472
2.2503,-0.2336,1.9966,-0.74985,0.33209,2.6328
0.78005,2.0858,0.67042,1.4214,2.0358,0.41257
2.3344,0.54087,2.1853,0.3478,0.46873,2.0996
3.4141,-1.2179,3.2623,-1.2313,-1.2631,3.6806
3.1474,-0.32219,3.0916,-0.040494,-0.42503,3.1185
1.912,0.4899,1.8443,0.86162,0.04413,1.7933
1.5608,0.45864,1.5089,0.74907,0.53875,1.5866
1.5666,0.025155,1.9654,0.65097,0.57432,1.8337
2.7052,0.44295,2.4358,0.32884,0.20534,2.3782
2.885,0.80072,2.6573,0.44635,0.81502,2.361
1.9046,1.7462,1.7797,2.1257,2.0253,2.1939
2.5249,1.663,2.5283,1.8662,1.5689,2.4521
1.1752,0.50627,1.5195,0.31962,-0.025341,1.4095
2.5883,-0.71655,3.0154,-1.193,-0.75543,2.7643
3.8449,0.31258,3.5031,0.50744,0.44515,3.2772
2.1839,0.33539,2.3995,0.38175,0.030387,2.3697
0.99035,0.88032,0.80152,1.6387,1.4526,0.90352
2.7325,0.48641,2.8764,0.79687,0.77601,2.3532
1.9071,-1.0796,2.1326,-1.0041,-1.0051,1.8232
1.5473,0.14757,1.9902,0.18877,0.28457,1.5309
0.1653,1.5341,0.73343,1.0318,1.2765,0.49418
1.8541,1.6043,1.761,1.4026,1.4903,2.0059
3.2486,0.7658,3.9597,0.7837,0.54268,3.2134
1.9522,0.70932,2.1779,1.2197,0.63385,2.2628
2.9643,0.56017,3.0503,0.46128,0.76713,3.0919
2.8163,0.95168,3.2323,0.75425,0.58556,3.0278
2.8598,0.16047,3.2517,0.036006,0.11933,2.9524
2.64,-0.66573,2.4134,-0.93829,0.10087,2.7264
2.8053,0.059867,2.738,0.4535,0.40391,3.0875
2.5576,0.50904,2.4728,-0.0095463,-0.033153,2.6528
1.8268,0.05529,1.8559,-0.47103,-0.18787,2.2089
0.79902,0.9008,0.84758,1.3512,0.96951,1.2385
3.3579,0.51121,3.1547,0.39353,0.13735,3.3129
2.2391,-0.97669,2.502,-1.0632,-0.96708,2.3477
2.1806,0.14786,2.5262,0.44525,0.24582,2.5636
1.3097,0.085455,1.4958,0.2192,0.33701,1.3844
1.9118,1.009,1.717,0.97666,1.2002,1.4751
0.36302,1.3172,0.29428,1.2808,1.3043,0.41627
1.7325,-0.416,1.1092,-0.33207,-0.31019,1.6396
2.8635,0.025959,2.3928,-0.078018,-0.063872,2.667
2.3108,-1.0448,2.2814,-0.84093,-0.79472,2.2712
2.2619,1.0109,2.5035,0.98865,0.98504,2.3948
1.4879,0.82358,1.9046,0.99084,1.2914,2.066
3.2644,-0.88474,3.2227,-0.74102,-0.65936,3.3426
3.4356,-1.2713,3.4141,-0.97645,-1.2523,3.2586
3.4781,-2.4056,3.229,-2.4587,-2.346,3.0637
1.2869,1.2547,1.4424,1.3574,1.2557,1.1991
1.7916,2.3065,1.8766,2.5127,2.6158,1.8905
2.3437,0.28567,2.3185,0.59187,0.4388,2.3605
1.7763,-0.68076,2.0649,-0.31767,-0.35709,1.8003
2.7553,-0.093211,2.7433,-0.28301,0.074415,2.538
1.921,1.3355,2.1512,1.2314,0.84081,1.946
1.0912,0.11428,1.2145,0.10342,0.079629,1.3715
1.9373,0.64316,2.0964,0.67561,0.79149,2.0114
1.1075,2.7918,0.98496,2.9751,2.2611,0.89182
1.7481,1.145,1.55,1.1034,1.0497,1.1311
2.0836,0.37855,1.8063,0.39754,0.17157,1.9392
1.6763,0.36387,1.4474,0.13029,0.31331,1.4609
2.6185,-0.71444,2.2758,0.030996,-0.3751,3.1193
2.1502,-0.70232,1.9746,-0.543,-0.35397,2.2165
2.1164,0.34792,2.5827,-0.077627,0.060652,2.217
2.4072,-0.30631,2.7088,-0.098127,-0.5219,2.4703
3.4844,-1.4111,3.7134,-1.3356,-1.5601,3.7212
2.005,0.85838,1.8239,1.1445,0.97101,1.8632
3.981,-1.8237,3.9274,-1.5715,-1.8113,3.9221
3.5119,-1.2256,3.4498,-1.056,-1.2398,3.357
2.3014,-1.2628,2.4864,-0.828,-1.5237,2.3451
0.79124,2.1715,1.1719,2.3055,2.3739,0.8797
1.177,0.3281,1.1482,0.29734,0.43955,1.3434
1.1103,1.244,0.84055,1.1139,1.3819,0.76942
2.1998,0.35029,2.2438,0.06438,0.61273,2.0839
1.5413,2.0211,1.7922,1.7221,1.9237,1.6078
1.0256,0.55976,1.2991,0.35801,0.29468,1.0677
3.2961,-0.96976,3.322,-0.63534,-0.63335,3.0503
0.81457,0.83547,0.59779,1.2323,1.3519,0.47737
-0.039753,1.3155,0.23686,1.3458,1.6468,0.10145
1.49,1.3026,1.1671,0.91481,1.1299,1.4814
1.705,0.6522,1.8537,0.3766,0.63882,1.5606
2.5287,-0.38428,2.3956,-0.12482,-0.2351,2.5363
1.4912,0.15758,2.3414,-0.15674,-0.23885,1.8467
1.719,0.31677,1.5935,0.65136,0.54205,1.5901
2.1843,0.34538,2.2064,-0.25299,0.47986,2.3132
1.417,1.4808,1.3553,1.987,1.7532,1.4081
2.2004,0.049471,2.4317,-0.17277,-0.24628,2.1425
3.8438,0.23714,3.7033,0.53992,0.2845,3.4436
1.7576,-0.13862,1.2974,-0.36161,0.1029,1.7111
2.1909,-1.2556,2.623,-0.97507,-1.1081,2.6172
2.6952,1.7541,2.3973,1.1057,1.2746,2.4877
2.61,-1.2043,2.3071,-0.33497,-0.84961,2.5657
0.67514,1.6347,1.1457,1.4373,1.2518,0.94409
1.4755,-0.12612,1.7128,-0.013518,0.18075,1.7419
1.9455,-0.42581,1.8142,-0.69499,-0.58599,1.9365
0.76258,1.1551,1.2003,0.87178,0.72952,0.94983
0.96225,1.254,0.99126,1.554,1.5783,0.8682
1.5795,0.85627,1.1128,0.71291,0.51378,1.6511
2.2261,0.92282,2.2294,0.93908,1.0162,1.8456
3.1835,-1.0766,3.1345,-1.1372,-0.9106,2.6719
1.7602,1.7411,1.5864,1.5134,1.9229,1.8694
2.8234,-0.7985,2.6393,-0.69368,-1.0546,2.7847
1.4366,0.044902,1.1687,0.068916,-0.040147,1.2561
1.4023,1.1149,1.6134,0.86556,1.0827,1.4166
2.4609,1.1728,2.0863,1.5798,1.0771,2.1792
3.764,-1.2813,3.9596,-1.4261,-1.4322,3.8932
1.9987,1.4771,2.1388,1.7083,1.5249,2.2891
3.3462,-0.67244,3.1699,-1.0667,-1.1571,3.3195
1.7628,0.36486,1.8929,0.40057,0.1826,1.5584
1.0121,0.21493,1.4094,0.36457,0.58478,1.2158
3.168,0.21375,3.0088,0.39991,0.27626,2.666
1.5888,-0.0044669,1.4719,-0.47364,-0.57948,1.6552
1.8572,0.75048,1.9186,0.36194,0.27012,1.814
2.3461,-0.044009,2.2978,0.072594,0.031205,2.2684
1.2378,0.48103,1.2601,0.48601,0.33189,1.3114
3.7023,-1.3938,3.3973,-1.4198,-1.2306,3.4468
2.3341,0.7078,1.8378,0.57416,0.31473,2.1205
2.5632,-0.37855,2.5698,-0.013077,-0.31463,2.7717
2.5474,-0.816,2.8338,-0.78429,-0.75583,2.2274
1.3843,1.1511,1.6162,1.3694,1.2433,1.4798
3.5452,-0.30439,3.2197,-0.43586,-0.42492,3.2774
2.8406,-0.70331,2.7505,-0.45199,-0.51848,3.0111
1.3446,0.8209,1.4009,0.72104,0.64024,1.4361
1.6408,-0.33085,1.6728,-0.11508,-0.42662,1.7052
1.6061,1.3475,1.4875,1.327,1.043,1.1984
4.0164,-0.0036992,3.5745,0.089545,0.388,3.3815
2.4238,0.53254,2.1029,0.96323,0.87233,2.5042
2.9061,-0.44772,2.5451,-0.73867,-0.27014,3.0004
2.3346,0.53006,2.4474,0.83708,0.8069,2.3783
2.2568,0.02794,2.2493,0.29912,0.27535,2.2177
1.9077,0.77801,1.7948,1.1467,0.97088,1.9669
1.4061,0.87424,1.7092,1.0244,0.4129,1.7274
2.2235,0.70458,1.6965,0.24691,0.83781,1.9463
4.8569,-0.81649,4.563,-0.5378,-1.0054,5.016
2.4358,-0.25229,2.9335,-0.27918,-0.16441,2.7617
2.498,0.084911,2.9593,-0.24419,0.2007,2.784
2.9228,-0.054722,2.8016,-0.051264,0.36782,2.5728
4.509,-1.2101,4.5872,-0.75372,-1.0526,4.3968
2.345,-0.15294,2.1962,0.0073271,-0.16455,2.5566
2.5123,0.07045,2.7364,0.11917,0.26688,2.7228
1.5922,0.98455,1.4858,0.99819,1.2216,1.1981
1.8649,0.27049,1.9336,0.031139,-0.025378,1.9413
1.279,1.3778,1.1024,1.2871,1.5533,1.2672
2.4391,0.27736,2.9628,0.10724,0.58683,2.8373
1.3937,0.36958,0.98534,0.7021,0.79888,1.3551
3.5896,0.095627,3.8624,0.26037,0.13568,3.6682
3.6216,0.16129,3.4803,0.50437,0.19868,3.6811
1.9922,0.068176,1.6948,0.44555,0.3122,1.639
1.8733,0.40897,1.6316,0.79448,0.63761,1.695
1.1851,1.8425,0.6783,1.739,1.9807,0.93238
3.1127,-0.47762,2.8587,-0.15598,0.099676,2.9537
3.0768,0.38802,3.1687,0.41517,0.26905,3.2659
2.0956,0.30744,2.3244,0.2268,0.57761,2.3192
4.5927,-0.83673,4.6193,-0.68482,-0.51388,4.3864
1.9797,-0.69129,2.1524,-0.30947,-0.59096,2.2697
2.5934,-0.22439,2.4496,0.060883,0.10755,2.6575
2.7639,0.26698,2.1487,0.39974,0.4921,2.0918
2.4665,-0.80383,2.3221,-0.56851,-0.60039,2.5109
1.7079,1.2653,1.6631,1.0404,1.2254,1.5405
1.9758,0.33152,1.8363,0.1473,0.47762,2.0599
1.3472,1.3495,1.7466,1.3876,1.8267,1.4433
0.87891,1.8634,1.1992,1.5496,1.5123,1.0969
1.2816,2.7776,1.5286,2.8791,2.5595,1.4061
3.5428,-0.41606,3.6569,-0.33812,-0.55315,3.8829
0.13534,1.9909,0.20237,2.3741,2.071,0.54758
